{
 "cells": [
  {
   "cell_type": "code",
   "execution_count": 1,
   "metadata": {},
   "outputs": [],
   "source": [
    "%load_ext autoreload\n",
    "%autoreload 2"
   ]
  },
  {
   "cell_type": "code",
   "execution_count": 2,
   "metadata": {},
   "outputs": [],
   "source": [
    "import torch\n",
    "import random\n",
    "import numpy as np\n",
    "import os \n",
    "from torch_geometric.data import DataLoader\n",
    "\n",
    "from ChromFormer.Data_Tools.Data_Access import get_data_from_path, VanillaDataset, set_logits_data\n",
    "from ChromFormer.Data_Tools.Data_Plotting import plot_structure_in_sphere, plot_hic, plot_optimal_transport, plot_losses, plot_test_distance_matrix, plot_true_pred_structures, plot_hist_kabsch_distances, plot_grad_flow, plot_pred_conf\n",
    "from ChromFormer.Model.model import UniformLinear, train_uniform_linear, evaluate_uniform_linear, ConfLinear, train_conf_linear, evaluate_conf_linear\n",
    "from ChromFormer.Model.losses import compute_trussart_test_kabsch_loss, biological_loss_fct, kabsch_loss_fct\n",
    "from ChromFormer.Data_Tools.Data_Calculation import save_structure, import_trussart_data, kabsch_superimposition_numpy, kabsch_distance_numpy, make_gif, scale_logits, mse_unscaled_scaled\n",
    "from ChromFormer.Model.lddt_tools import lddt, get_confidence_metrics\n",
    "from ChromFormer.Model.calibration_nn import ModelWithTemperature, isotonic_calibration, beta_calibration\n",
    "from scipy.spatial import distance_matrix\n",
    "from sklearn.preprocessing import MinMaxScaler\n",
    "from sklearn.model_selection import train_test_split\n",
    "from sklearn.metrics import mean_squared_error\n",
    "\n",
    "\n",
    "ZERO_INIT = False\n",
    "EXPONENT = 1\n",
    "NUM_BINS_LOGITS = 100\n",
    "NB_EPOCHS = 73\n",
    "##47\n",
    "SEED = 2\n",
    "BATCH_SIZE = 10\n",
    "NB_BINS = 202\n",
    "EMBEDDING_SIZE = 3\n",
    "LAMBDA_BIO = 0\n",
    "LAMBDA_KABSCH = 0\n",
    "LAMBDA_LDDT = 0.1\n",
    "\n",
    "device = torch.device('cuda' if torch.cuda.is_available() else 'cpu')\n",
    "torch.manual_seed(SEED)\n",
    "random.seed(SEED)\n",
    "np.random.seed(SEED)\n",
    "DATA_DIR = os.environ.get('DATA_DIR')\n",
    "DATA_PATH=f'{DATA_DIR}/biological_trussart_uniform'\n",
    "TRAIN_DATASET_SIZE = 800\n",
    "TEST_DATASET_SIZE = 200\n",
    "\n"
   ]
  },
  {
   "cell_type": "code",
   "execution_count": 3,
   "metadata": {},
   "outputs": [],
   "source": [
    "train_transfer_learning_hics, test_transfer_learning_hics, train_transfer_learning_structures, test_transfer_learning_structures, train_transfer_learning_distances, test_transfer_learning_distances = get_data_from_path(DATA_PATH)\n"
   ]
  },
  {
   "cell_type": "code",
   "execution_count": 4,
   "metadata": {},
   "outputs": [
    {
     "name": "stdout",
     "output_type": "stream",
     "text": [
      "800\n"
     ]
    }
   ],
   "source": [
    "train_dataset = VanillaDataset(root = '', is_training = True, dataset_size = TRAIN_DATASET_SIZE, hics = train_transfer_learning_hics, structures = train_transfer_learning_structures, distances = train_transfer_learning_distances)\n",
    "train_dataset = train_dataset.shuffle()\n",
    "train_size = len(train_dataset)\n",
    "print(train_size)\n",
    "train_loader = DataLoader(train_dataset, batch_size=BATCH_SIZE)"
   ]
  },
  {
   "cell_type": "code",
   "execution_count": 5,
   "metadata": {},
   "outputs": [],
   "source": [
    "test_dataset = VanillaDataset(root = '', is_training = False, dataset_size = TEST_DATASET_SIZE, hics = test_transfer_learning_hics, structures = test_transfer_learning_structures, distances = test_transfer_learning_distances)\n",
    "test_dataset = test_dataset.shuffle()\n",
    "\n",
    "test_train_idx, test_test_idx = train_test_split(list(range(len(test_dataset))), test_size=0.1)\n",
    "test_train_calib = test_dataset.index_select(test_train_idx)\n",
    "test_test_calib= test_dataset.index_select(test_test_idx)\n",
    "\n",
    "test_size = len(test_dataset)\n",
    "\n",
    "test_loader = DataLoader(test_dataset, batch_size=BATCH_SIZE)\n",
    "test_train_calib_loader = DataLoader(test_train_calib, batch_size=BATCH_SIZE)\n",
    "test_test_calib_loader = DataLoader(test_test_calib, batch_size=BATCH_SIZE)"
   ]
  },
  {
   "cell_type": "code",
   "execution_count": 6,
   "metadata": {},
   "outputs": [],
   "source": [
    "trussart_hic, trussart_structures = import_trussart_data(DATA_DIR)"
   ]
  },
  {
   "cell_type": "code",
   "execution_count": 7,
   "metadata": {},
   "outputs": [],
   "source": [
    "distance_loss_fct = torch.nn.MSELoss()"
   ]
  },
  {
   "cell_type": "code",
   "execution_count": 8,
   "metadata": {},
   "outputs": [],
   "source": [
    "device = torch.device('cpu')\n",
    "model = ConfLinear(NB_BINS, EMBEDDING_SIZE, BATCH_SIZE, NUM_BINS_LOGITS, ZERO_INIT).to(device)\n",
    "optimizer = torch.optim.Adam(model.parameters(), lr=0.001)"
   ]
  },
  {
   "cell_type": "code",
   "execution_count": 9,
   "metadata": {},
   "outputs": [
    {
     "name": "stdout",
     "output_type": "stream",
     "text": [
      "tensor([[[-0.9172, -0.3574, -0.1762],\n",
      "         [ 0.2960, -0.3150, -0.9017],\n",
      "         [ 0.2668, -0.8792,  0.3947]],\n",
      "\n",
      "        [[-0.1652, -0.2461, -0.9551],\n",
      "         [-0.8403, -0.4719,  0.2669],\n",
      "         [-0.5163,  0.8466, -0.1288]],\n",
      "\n",
      "        [[-0.2955,  0.5914,  0.7503],\n",
      "         [-0.9548, -0.2086, -0.2116],\n",
      "         [ 0.0313, -0.7789,  0.6263]],\n",
      "\n",
      "        [[-0.7731,  0.0039,  0.6343],\n",
      "         [-0.2300, -0.9336, -0.2746],\n",
      "         [ 0.5912, -0.3582,  0.7227]],\n",
      "\n",
      "        [[ 0.4631,  0.8818, -0.0895],\n",
      "         [-0.6210,  0.2507, -0.7426],\n",
      "         [-0.6324,  0.3995,  0.6637]],\n",
      "\n",
      "        [[ 0.1663,  0.7973, -0.5802],\n",
      "         [-0.9837,  0.1752, -0.0411],\n",
      "         [ 0.0689,  0.5775,  0.8135]],\n",
      "\n",
      "        [[-0.8752, -0.3295,  0.3541],\n",
      "         [-0.1261, -0.5515, -0.8246],\n",
      "         [ 0.4670, -0.7664,  0.4411]],\n",
      "\n",
      "        [[-0.8449,  0.5128, -0.1525],\n",
      "         [ 0.4120,  0.4420, -0.7968],\n",
      "         [-0.3412, -0.7360, -0.5847]],\n",
      "\n",
      "        [[-0.3982, -0.8954, -0.1992],\n",
      "         [ 0.0542, -0.2398,  0.9693],\n",
      "         [-0.9157,  0.3752,  0.1441]],\n",
      "\n",
      "        [[ 0.7624,  0.3503,  0.5441],\n",
      "         [ 0.2413, -0.9341,  0.2632],\n",
      "         [ 0.6005, -0.0694, -0.7966]]], grad_fn=<SvdHelperBackward>)\n",
      "tensor([[29.2942,  2.0951,  0.5507],\n",
      "        [21.8102,  2.6439,  0.2973],\n",
      "        [17.5304,  7.0035,  1.0167],\n",
      "        [21.2735,  2.3551,  0.2770],\n",
      "        [16.5123,  3.9782,  1.1213],\n",
      "        [23.2477,  3.9686,  0.3209],\n",
      "        [31.1621,  3.9309,  2.1019],\n",
      "        [19.1484,  3.2729,  1.9308],\n",
      "        [26.9100,  8.6682,  0.3836],\n",
      "        [12.4085,  5.7348,  0.1079]], grad_fn=<SvdHelperBackward>)\n",
      "tensor([[[-5.8785e-01, -7.8008e-01, -2.1427e-01],\n",
      "         [ 1.5793e-01, -3.7043e-01,  9.1534e-01],\n",
      "         [ 7.9341e-01, -5.0424e-01, -3.4096e-01]],\n",
      "\n",
      "        [[-2.2529e-01, -9.5303e-01,  2.0243e-01],\n",
      "         [-8.1256e-01,  2.9844e-01,  5.0069e-01],\n",
      "         [ 5.3758e-01,  5.1684e-02,  8.4163e-01]],\n",
      "\n",
      "        [[-3.8335e-01, -8.3630e-01, -3.9198e-01],\n",
      "         [ 4.1968e-01, -5.3579e-01,  7.3267e-01],\n",
      "         [-8.2274e-01,  1.1636e-01,  5.5637e-01]],\n",
      "\n",
      "        [[-1.6538e-01, -9.6435e-01,  2.0659e-01],\n",
      "         [ 9.1249e-01, -2.2910e-01, -3.3893e-01],\n",
      "         [ 3.7418e-01,  1.3246e-01,  9.1785e-01]],\n",
      "\n",
      "        [[-3.9511e-01, -8.9927e-01, -1.8764e-01],\n",
      "         [ 9.1707e-01, -3.7418e-01, -1.3777e-01],\n",
      "         [ 5.3684e-02, -2.2651e-01,  9.7253e-01]],\n",
      "\n",
      "        [[-1.3719e-01, -6.5168e-01,  7.4599e-01],\n",
      "         [ 1.5078e-01,  7.3059e-01,  6.6596e-01],\n",
      "         [-9.7900e-01,  2.0384e-01, -1.9695e-03]],\n",
      "\n",
      "        [[ 3.7613e-01,  9.2483e-01,  5.6741e-02],\n",
      "         [ 8.4112e-01, -3.6649e-01,  3.9776e-01],\n",
      "         [-3.8865e-01,  1.0188e-01,  9.1573e-01]],\n",
      "\n",
      "        [[-5.8702e-01, -6.4573e-01,  4.8830e-01],\n",
      "         [ 1.2322e-02, -6.1022e-01, -7.9214e-01],\n",
      "         [-8.0948e-01,  4.5899e-01, -3.6617e-01]],\n",
      "\n",
      "        [[-6.7405e-01, -7.1362e-01,  1.9081e-01],\n",
      "         [-5.7523e-01,  3.4502e-01, -7.4167e-01],\n",
      "         [ 4.6344e-01, -6.0968e-01, -6.4305e-01]],\n",
      "\n",
      "        [[-6.8575e-04, -3.4459e-01, -9.3875e-01],\n",
      "         [ 6.7751e-01,  6.9031e-01, -2.5389e-01],\n",
      "         [ 7.3551e-01, -6.3619e-01,  2.3299e-01]]],\n",
      "       grad_fn=<TransposeBackward0>)\n",
      "tensor([[[ 0.0367,  0.9817,  0.1869],\n",
      "         [-0.9702, -0.0098,  0.2419],\n",
      "         [ 0.2393, -0.1902,  0.9521]],\n",
      "\n",
      "        [[-0.8341,  0.0959,  0.5432],\n",
      "         [ 0.2663, -0.7924,  0.5488],\n",
      "         [ 0.4831,  0.6024,  0.6354]],\n",
      "\n",
      "        [[-0.7347, -0.2672,  0.6235],\n",
      "         [-0.0078, -0.9158, -0.4016],\n",
      "         [ 0.6783, -0.3000,  0.6707]],\n",
      "\n",
      "        [[-0.7075, -0.4730, -0.5251],\n",
      "         [-0.2204, -0.5583,  0.7998],\n",
      "         [-0.6715,  0.6816,  0.2908]],\n",
      "\n",
      "        [[ 0.9202, -0.3888,  0.0444],\n",
      "         [ 0.3556,  0.7833, -0.5099],\n",
      "         [ 0.1635,  0.4850,  0.8591]],\n",
      "\n",
      "        [[-0.3730,  0.8171,  0.4396],\n",
      "         [-0.9220, -0.2733, -0.2743],\n",
      "         [-0.1040, -0.5076,  0.8553]],\n",
      "\n",
      "        [[-0.0667,  0.8876, -0.4557],\n",
      "         [ 0.2100, -0.4340, -0.8761],\n",
      "         [-0.9754, -0.1541, -0.1574]],\n",
      "\n",
      "        [[ 0.3231, -0.9315, -0.1674],\n",
      "         [ 0.3016, -0.0663,  0.9511],\n",
      "         [-0.8970, -0.3578,  0.2595]],\n",
      "\n",
      "        [[-0.8769, -0.3836, -0.2896],\n",
      "         [-0.4782,  0.6350,  0.6067],\n",
      "         [-0.0488,  0.6705, -0.7403]],\n",
      "\n",
      "        [[ 0.0884, -0.9652, -0.2459],\n",
      "         [ 0.9827,  0.0441,  0.1801],\n",
      "         [-0.1630, -0.2576,  0.9524]]], grad_fn=<SvdHelperBackward>)\n",
      "tensor([[32.3069, 13.7326,  1.1675],\n",
      "        [27.9150, 12.3784,  1.2382],\n",
      "        [17.7034,  7.4186,  1.3922],\n",
      "        [40.7494,  5.1665,  0.2118],\n",
      "        [28.9243, 10.3413,  5.1066],\n",
      "        [43.6097,  6.1210,  1.3633],\n",
      "        [21.2811, 13.3667,  6.8421],\n",
      "        [20.8276, 11.8167,  2.9070],\n",
      "        [29.3005,  5.9633,  3.1307],\n",
      "        [29.6547,  8.8471,  0.4561]], grad_fn=<SvdHelperBackward>)\n",
      "tensor([[[-0.2670, -0.9602,  0.0821],\n",
      "         [ 0.7051, -0.1365,  0.6959],\n",
      "         [-0.6569,  0.2437,  0.7135]],\n",
      "\n",
      "        [[ 0.6395,  0.5374,  0.5498],\n",
      "         [-0.1604, -0.6061,  0.7790],\n",
      "         [ 0.7519, -0.5864, -0.3014]],\n",
      "\n",
      "        [[-0.6335, -0.1977, -0.7480],\n",
      "         [ 0.2510,  0.8620, -0.4404],\n",
      "         [ 0.7319, -0.4667, -0.4965]],\n",
      "\n",
      "        [[-0.3640, -0.9254,  0.1053],\n",
      "         [ 0.2301,  0.0202,  0.9730],\n",
      "         [ 0.9025, -0.3784, -0.2056]],\n",
      "\n",
      "        [[ 0.1096,  0.9186, -0.3798],\n",
      "         [-0.9678,  0.0116, -0.2514],\n",
      "         [-0.2266,  0.3951,  0.8902]],\n",
      "\n",
      "        [[-0.6236, -0.7762, -0.0934],\n",
      "         [-0.4755,  0.4715, -0.7427],\n",
      "         [-0.6205,  0.4187,  0.6631]],\n",
      "\n",
      "        [[-0.3834, -0.0892,  0.9193],\n",
      "         [ 0.7292,  0.5815,  0.3606],\n",
      "         [ 0.5667, -0.8086,  0.1579]],\n",
      "\n",
      "        [[-0.3315,  0.1255, -0.9351],\n",
      "         [-0.6253, -0.7714,  0.1182],\n",
      "         [ 0.7065, -0.6239, -0.3341]],\n",
      "\n",
      "        [[-0.2628, -0.9538,  0.1458],\n",
      "         [ 0.1810,  0.0997,  0.9784],\n",
      "         [ 0.9477, -0.2836, -0.1465]],\n",
      "\n",
      "        [[-0.3901, -0.8826, -0.2625],\n",
      "         [-0.1955,  0.3579, -0.9131],\n",
      "         [ 0.8998, -0.3048, -0.3122]]], grad_fn=<TransposeBackward0>)\n",
      "tensor([[[-0.3677, -0.8203, -0.4381],\n",
      "         [ 0.1571, -0.5191,  0.8401],\n",
      "         [-0.9166,  0.2401,  0.3198]],\n",
      "\n",
      "        [[-0.3421, -0.3900, -0.8549],\n",
      "         [ 0.6567, -0.7500,  0.0794],\n",
      "         [-0.6721, -0.5343,  0.5126]],\n",
      "\n",
      "        [[-0.6006,  0.1325,  0.7885],\n",
      "         [-0.4633, -0.8614, -0.2081],\n",
      "         [ 0.6517, -0.4903,  0.5787]],\n",
      "\n",
      "        [[-0.5674,  0.6982, -0.4366],\n",
      "         [-0.6923, -0.6916, -0.2061],\n",
      "         [-0.4458,  0.1853,  0.8757]],\n",
      "\n",
      "        [[-0.2887,  0.7129,  0.6391],\n",
      "         [-0.9458, -0.3158, -0.0750],\n",
      "         [ 0.1484, -0.6262,  0.7654]],\n",
      "\n",
      "        [[-0.5128, -0.7643,  0.3909],\n",
      "         [-0.2978, -0.2686, -0.9160],\n",
      "         [ 0.8052, -0.5862, -0.0899]],\n",
      "\n",
      "        [[-0.5725, -0.2947, -0.7652],\n",
      "         [ 0.1964, -0.9553,  0.2210],\n",
      "         [-0.7961, -0.0238,  0.6047]],\n",
      "\n",
      "        [[-0.3584,  0.6808, -0.6388],\n",
      "         [-0.9061, -0.0889,  0.4136],\n",
      "         [ 0.2247,  0.7271,  0.6487]],\n",
      "\n",
      "        [[-0.6760,  0.6712,  0.3043],\n",
      "         [-0.2962, -0.6256,  0.7217],\n",
      "         [ 0.6748,  0.3977,  0.6217]],\n",
      "\n",
      "        [[-0.9595,  0.2517, -0.1263],\n",
      "         [-0.2811, -0.8823,  0.3775],\n",
      "         [-0.0164,  0.3977,  0.9174]]], grad_fn=<SvdHelperBackward>)\n",
      "tensor([[2.5853e+01, 1.2015e+01, 1.7858e-01],\n",
      "        [2.6187e+01, 1.1855e+01, 3.4131e+00],\n",
      "        [4.1555e+01, 8.5421e+00, 1.1131e+00],\n",
      "        [3.7438e+01, 6.2583e+00, 5.9431e-01],\n",
      "        [2.5490e+01, 1.6563e+01, 1.3899e+00],\n",
      "        [4.1706e+01, 9.4064e+00, 4.0897e-01],\n",
      "        [1.8574e+01, 6.1879e+00, 2.0291e+00],\n",
      "        [2.2064e+01, 3.2368e+00, 9.2700e-01],\n",
      "        [3.6960e+01, 1.2271e+01, 5.8425e+00],\n",
      "        [2.5429e+01, 1.7613e+01, 2.8175e-02]], grad_fn=<SvdHelperBackward>)\n",
      "tensor([[[ 0.2683,  0.3526,  0.8965],\n",
      "         [ 0.4694, -0.8605,  0.1980],\n",
      "         [-0.8413, -0.3677,  0.3963]],\n",
      "\n",
      "        [[ 0.6095, -0.2422,  0.7549],\n",
      "         [ 0.7445,  0.5023, -0.4399],\n",
      "         [-0.2726,  0.8301,  0.4864]],\n",
      "\n",
      "        [[ 0.4985,  0.8652,  0.0536],\n",
      "         [ 0.7803, -0.4208, -0.4627],\n",
      "         [ 0.3778, -0.2725,  0.8849]],\n",
      "\n",
      "        [[-0.2981, -0.8508,  0.4327],\n",
      "         [-0.8212, -0.0024, -0.5706],\n",
      "         [-0.4865,  0.5254,  0.6980]],\n",
      "\n",
      "        [[ 0.7629,  0.1579,  0.6270],\n",
      "         [-0.4410, -0.5822,  0.6831],\n",
      "         [-0.4729,  0.7976,  0.3745]],\n",
      "\n",
      "        [[ 0.1037,  0.3767, -0.9205],\n",
      "         [ 0.1832,  0.9024,  0.3900],\n",
      "         [ 0.9776, -0.2091,  0.0245]],\n",
      "\n",
      "        [[ 0.8537,  0.2658,  0.4479],\n",
      "         [-0.1330, -0.7203,  0.6808],\n",
      "         [ 0.5036, -0.6407, -0.5796]],\n",
      "\n",
      "        [[ 0.5343,  0.4223,  0.7323],\n",
      "         [-0.8372,  0.1450,  0.5273],\n",
      "         [-0.1165,  0.8948, -0.4310]],\n",
      "\n",
      "        [[ 0.3398, -0.3426,  0.8759],\n",
      "         [-0.0520,  0.9230,  0.3812],\n",
      "         [-0.9390, -0.1751,  0.2959]],\n",
      "\n",
      "        [[-0.3944, -0.9036,  0.1672],\n",
      "         [ 0.5513, -0.0872,  0.8297],\n",
      "         [-0.7352,  0.4194,  0.5326]]], grad_fn=<TransposeBackward0>)\n",
      "tensor([[[-0.0618,  0.8018, -0.5944],\n",
      "         [ 0.9866,  0.1393,  0.0854],\n",
      "         [ 0.1513, -0.5811, -0.7996]],\n",
      "\n",
      "        [[-0.1338, -0.9610, -0.2422],\n",
      "         [ 0.8348,  0.0224, -0.5501],\n",
      "         [ 0.5341, -0.2758,  0.7992]],\n",
      "\n",
      "        [[-0.0841, -0.7392,  0.6682],\n",
      "         [ 0.5130, -0.6070, -0.6069],\n",
      "         [ 0.8542,  0.2918,  0.4303]],\n",
      "\n",
      "        [[-0.6707, -0.6305, -0.3907],\n",
      "         [ 0.2897, -0.7076,  0.6444],\n",
      "         [-0.6828,  0.3190,  0.6573]],\n",
      "\n",
      "        [[ 0.3468,  0.0887, -0.9338],\n",
      "         [-0.9200,  0.2260, -0.3202],\n",
      "         [ 0.1826,  0.9701,  0.1600]],\n",
      "\n",
      "        [[-0.3675, -0.4174, -0.8311],\n",
      "         [-0.9044, -0.0479,  0.4240],\n",
      "         [-0.2168,  0.9074, -0.3599]],\n",
      "\n",
      "        [[-0.4293,  0.5909,  0.6830],\n",
      "         [-0.8025,  0.0974, -0.5887],\n",
      "         [-0.4144, -0.8009,  0.4323]],\n",
      "\n",
      "        [[ 0.4010,  0.4248, -0.8116],\n",
      "         [-0.8894, -0.0315, -0.4560],\n",
      "         [-0.2193,  0.9047,  0.3652]],\n",
      "\n",
      "        [[-0.9626,  0.0168, -0.2703],\n",
      "         [-0.1891,  0.6724,  0.7157],\n",
      "         [ 0.1938,  0.7400, -0.6441]],\n",
      "\n",
      "        [[-0.6823,  0.7063, -0.1886],\n",
      "         [-0.1962, -0.4255, -0.8834],\n",
      "         [-0.7042, -0.5658,  0.4289]]], grad_fn=<SvdHelperBackward>)\n",
      "tensor([[26.8429, 14.8504,  2.6348],\n",
      "        [31.6455, 12.2862,  1.0654],\n",
      "        [37.5276, 25.7701,  2.7091],\n",
      "        [25.7863,  9.9464,  3.8644],\n",
      "        [25.8652, 12.4400,  4.7242],\n",
      "        [44.7861, 14.0980,  2.3488],\n",
      "        [24.2246, 10.3346,  1.2763],\n",
      "        [28.3072,  8.0282,  5.7076],\n",
      "        [33.6758,  9.8568,  2.2362],\n",
      "        [20.2041,  9.4929,  1.0057]], grad_fn=<SvdHelperBackward>)\n",
      "tensor([[[ 0.0458, -0.4690,  0.8820],\n",
      "         [ 0.0975,  0.8808,  0.4634],\n",
      "         [ 0.9942, -0.0648, -0.0860]],\n",
      "\n",
      "        [[ 0.0499,  0.0431, -0.9978],\n",
      "         [ 0.9126,  0.4039,  0.0631],\n",
      "         [ 0.4058, -0.9138, -0.0191]],\n",
      "\n",
      "        [[ 0.0810, -0.9066, -0.4142],\n",
      "         [-0.1359, -0.4218,  0.8965],\n",
      "         [ 0.9874,  0.0163,  0.1574]],\n",
      "\n",
      "        [[-0.1042, -0.9945, -0.0061],\n",
      "         [-0.6355,  0.0619,  0.7696],\n",
      "         [ 0.7651, -0.0840,  0.6385]],\n",
      "\n",
      "        [[-0.2142, -0.9735, -0.0805],\n",
      "         [ 0.3116, -0.1462,  0.9389],\n",
      "         [-0.9258,  0.1761,  0.3346]],\n",
      "\n",
      "        [[-0.2266, -0.3757, -0.8986],\n",
      "         [ 0.0346, -0.9251,  0.3781],\n",
      "         [ 0.9734, -0.0546, -0.2226]],\n",
      "\n",
      "        [[-0.0861, -0.5519,  0.8294],\n",
      "         [ 0.3618,  0.7583,  0.5422],\n",
      "         [-0.9283,  0.3468,  0.1344]],\n",
      "\n",
      "        [[ 0.0223, -0.9782,  0.2062],\n",
      "         [ 0.9697, -0.0291, -0.2427],\n",
      "         [-0.2434, -0.2054, -0.9479]],\n",
      "\n",
      "        [[-0.5938, -0.7655, -0.2478],\n",
      "         [ 0.0853, -0.3662,  0.9266],\n",
      "         [ 0.8001, -0.5291, -0.2827]],\n",
      "\n",
      "        [[-0.4996, -0.7314,  0.4642],\n",
      "         [ 0.8322, -0.2566,  0.4915],\n",
      "         [ 0.2404, -0.6319, -0.7369]]], grad_fn=<TransposeBackward0>)\n",
      "tensor([[[-0.5474,  0.3664, -0.7524],\n",
      "         [ 0.3019, -0.7520, -0.5859],\n",
      "         [-0.7805, -0.5479,  0.3010]],\n",
      "\n",
      "        [[ 0.8110, -0.5745, -0.1107],\n",
      "         [-0.1844, -0.0713, -0.9803],\n",
      "         [ 0.5553,  0.8154, -0.1638]],\n",
      "\n",
      "        [[ 0.3790, -0.0413,  0.9245],\n",
      "         [ 0.7986, -0.4900, -0.3494],\n",
      "         [ 0.4674,  0.8707, -0.1527]],\n",
      "\n",
      "        [[-0.7801,  0.1566,  0.6057],\n",
      "         [ 0.5965, -0.1059,  0.7956],\n",
      "         [ 0.1887,  0.9820, -0.0107]],\n",
      "\n",
      "        [[-0.7099, -0.2968, -0.6387],\n",
      "         [ 0.5509,  0.3311, -0.7661],\n",
      "         [ 0.4389, -0.8957, -0.0715]],\n",
      "\n",
      "        [[ 0.0364,  0.8406, -0.5404],\n",
      "         [-0.9993,  0.0236, -0.0306],\n",
      "         [-0.0130,  0.5411,  0.8408]],\n",
      "\n",
      "        [[-0.3774,  0.9260, -0.0126],\n",
      "         [-0.8828, -0.3556,  0.3069],\n",
      "         [ 0.2797,  0.1270,  0.9517]],\n",
      "\n",
      "        [[ 0.7014,  0.6607,  0.2673],\n",
      "         [-0.2560, -0.1165,  0.9596],\n",
      "         [ 0.6652, -0.7416,  0.0874]],\n",
      "\n",
      "        [[ 0.5759,  0.7151,  0.3962],\n",
      "         [-0.4361,  0.6787, -0.5909],\n",
      "         [-0.6915,  0.1676,  0.7027]],\n",
      "\n",
      "        [[-0.6317, -0.0109, -0.7751],\n",
      "         [ 0.7744,  0.0360, -0.6316],\n",
      "         [ 0.0348, -0.9993, -0.0142]]], grad_fn=<SvdHelperBackward>)\n",
      "tensor([[40.1285,  6.2758,  0.7878],\n",
      "        [21.9978, 14.5083,  3.3552],\n",
      "        [21.5837,  9.2496,  5.9849],\n",
      "        [27.0483, 14.6077,  2.0223],\n",
      "        [24.6409, 10.5388,  1.7314],\n",
      "        [37.9020, 10.1566,  2.5100],\n",
      "        [43.2842,  5.2636,  2.7704],\n",
      "        [31.8650, 10.8477,  0.9568],\n",
      "        [29.6862, 18.7841,  5.4480],\n",
      "        [39.1895, 17.4658,  0.3778]], grad_fn=<SvdHelperBackward>)\n",
      "tensor([[[ 0.2797,  0.6776,  0.6801],\n",
      "         [-0.8951,  0.4403, -0.0706],\n",
      "         [ 0.3473,  0.5890, -0.7297]],\n",
      "\n",
      "        [[ 0.6090,  0.3169,  0.7271],\n",
      "         [ 0.0384,  0.9039, -0.4260],\n",
      "         [-0.7922,  0.2873,  0.5383]],\n",
      "\n",
      "        [[-0.5049, -0.1049, -0.8568],\n",
      "         [ 0.1702,  0.9610, -0.2180],\n",
      "         [ 0.8462, -0.2559, -0.4673]],\n",
      "\n",
      "        [[-0.5218, -0.1690,  0.8362],\n",
      "         [-0.5966,  0.7729, -0.2161],\n",
      "         [ 0.6098,  0.6116,  0.5041]],\n",
      "\n",
      "        [[ 0.2978,  0.0957, -0.9498],\n",
      "         [-0.2202,  0.9750,  0.0292],\n",
      "         [-0.9289, -0.2005, -0.3114]],\n",
      "\n",
      "        [[-0.1897, -0.5173,  0.8345],\n",
      "         [ 0.3160,  0.7726,  0.5507],\n",
      "         [-0.9296,  0.3682,  0.0169]],\n",
      "\n",
      "        [[-0.2658, -0.6108,  0.7458],\n",
      "         [-0.7039, -0.4057, -0.5831],\n",
      "         [ 0.6587, -0.6800, -0.3221]],\n",
      "\n",
      "        [[-0.0342, -0.7230,  0.6900],\n",
      "         [ 0.9673,  0.1495,  0.2047],\n",
      "         [-0.2511,  0.6744,  0.6943]],\n",
      "\n",
      "        [[-0.2448,  0.8023, -0.5445],\n",
      "         [ 0.7991, -0.1511, -0.5818],\n",
      "         [-0.5491, -0.5775, -0.6041]],\n",
      "\n",
      "        [[ 0.0619, -0.0892,  0.9941],\n",
      "         [-0.0677,  0.9933,  0.0934],\n",
      "         [ 0.9958,  0.0731, -0.0555]]], grad_fn=<TransposeBackward0>)\n",
      "tensor([[[-0.4658,  0.1769, -0.8670],\n",
      "         [-0.4611, -0.8848,  0.0673],\n",
      "         [-0.7552,  0.4312,  0.4937]],\n",
      "\n",
      "        [[-0.7237, -0.1339,  0.6770],\n",
      "         [-0.4306, -0.6790, -0.5946],\n",
      "         [ 0.5393, -0.7218,  0.4337]],\n",
      "\n",
      "        [[-0.4845,  0.8380,  0.2512],\n",
      "         [-0.6884, -0.5424,  0.4815],\n",
      "         [ 0.5398,  0.0603,  0.8397]],\n",
      "\n",
      "        [[ 0.3726,  0.7481, -0.5491],\n",
      "         [-0.9151,  0.1978, -0.3514],\n",
      "         [-0.1542,  0.6334,  0.7583]],\n",
      "\n",
      "        [[-0.4369, -0.4754,  0.7636],\n",
      "         [ 0.8625,  0.0195,  0.5057],\n",
      "         [-0.2553,  0.8795,  0.4015]],\n",
      "\n",
      "        [[-0.8688,  0.3513, -0.3491],\n",
      "         [ 0.2222,  0.9064,  0.3592],\n",
      "         [ 0.4426,  0.2345, -0.8655]],\n",
      "\n",
      "        [[-0.5385,  0.2736,  0.7969],\n",
      "         [-0.8143,  0.0742, -0.5757],\n",
      "         [-0.2167, -0.9590,  0.1828]],\n",
      "\n",
      "        [[-0.4949,  0.4267, -0.7570],\n",
      "         [ 0.8638,  0.3361, -0.3753],\n",
      "         [ 0.0943, -0.8396, -0.5349]],\n",
      "\n",
      "        [[-0.6443, -0.6542,  0.3961],\n",
      "         [ 0.2210,  0.3366,  0.9153],\n",
      "         [-0.7322,  0.6773, -0.0722]],\n",
      "\n",
      "        [[-0.2606, -0.9240, -0.2798],\n",
      "         [ 0.1356, -0.3220,  0.9370],\n",
      "         [-0.9559,  0.2063,  0.2092]]], grad_fn=<SvdHelperBackward>)\n",
      "tensor([[27.1159, 16.6584,  0.2552],\n",
      "        [31.4596, 16.2827,  4.1077],\n",
      "        [37.9114,  8.2036,  0.0591],\n",
      "        [27.3758, 15.6598,  6.6147],\n",
      "        [33.7655,  2.0346,  0.1737],\n",
      "        [19.8376,  4.9952,  0.7904],\n",
      "        [28.2737,  5.0655,  1.1517],\n",
      "        [39.1009, 11.0323,  7.9759],\n",
      "        [31.4237,  4.9597,  0.9546],\n",
      "        [27.7377,  8.8018,  2.8730]], grad_fn=<SvdHelperBackward>)\n",
      "tensor([[[-3.1520e-01, -4.8256e-01, -8.1718e-01],\n",
      "         [-2.4678e-01, -7.8978e-01,  5.6156e-01],\n",
      "         [-9.1638e-01,  3.7867e-01,  1.2986e-01]],\n",
      "\n",
      "        [[ 5.0708e-01,  6.9696e-01,  5.0707e-01],\n",
      "         [-1.5583e-01,  6.5276e-01, -7.4136e-01],\n",
      "         [ 8.4770e-01, -2.9691e-01, -4.3961e-01]],\n",
      "\n",
      "        [[-8.5617e-02,  5.9620e-01, -7.9826e-01],\n",
      "         [ 8.6122e-01, -3.5857e-01, -3.6018e-01],\n",
      "         [ 5.0097e-01,  7.1831e-01,  4.8276e-01]],\n",
      "\n",
      "        [[-1.9358e-01,  8.3622e-01,  5.1309e-01],\n",
      "         [ 8.5153e-01, -1.1653e-01,  5.1119e-01],\n",
      "         [-4.8726e-01, -5.3587e-01,  6.8951e-01]],\n",
      "\n",
      "        [[ 1.5441e-01,  8.8510e-01, -4.3904e-01],\n",
      "         [ 2.2134e-01, -4.6406e-01, -8.5770e-01],\n",
      "         [-9.6289e-01,  3.5260e-02, -2.6757e-01]],\n",
      "\n",
      "        [[ 2.8195e-03,  5.4155e-01,  8.4066e-01],\n",
      "         [ 1.9164e-04,  8.4066e-01, -5.4156e-01],\n",
      "         [ 1.0000e+00, -1.6880e-03, -2.2665e-03]],\n",
      "\n",
      "        [[-1.5489e-02,  4.4290e-01,  8.9644e-01],\n",
      "         [ 6.1740e-01, -7.0098e-01,  3.5700e-01],\n",
      "         [-7.8650e-01, -5.5899e-01,  2.6259e-01]],\n",
      "\n",
      "        [[-1.0467e-02,  1.7744e-01,  9.8408e-01],\n",
      "         [ 2.4726e-01, -9.5311e-01,  1.7448e-01],\n",
      "         [ 9.6889e-01,  2.4515e-01, -3.3896e-02]],\n",
      "\n",
      "        [[ 4.7917e-01, -2.6084e-01,  8.3807e-01],\n",
      "         [-2.6697e-01,  8.6627e-01,  4.2227e-01],\n",
      "         [ 8.3613e-01,  4.2608e-01, -3.4545e-01]],\n",
      "\n",
      "        [[ 1.2990e-01, -5.0788e-01,  8.5158e-01],\n",
      "         [ 7.6880e-01,  5.9396e-01,  2.3697e-01],\n",
      "         [-6.2616e-01,  6.2391e-01,  4.6761e-01]]],\n",
      "       grad_fn=<TransposeBackward0>)\n",
      "tensor([[[-0.1459, -0.0736,  0.9866],\n",
      "         [ 0.9379,  0.3068,  0.1616],\n",
      "         [-0.3146,  0.9489,  0.0243]],\n",
      "\n",
      "        [[ 0.1847, -0.5135, -0.8380],\n",
      "         [ 0.8222,  0.5478, -0.1545],\n",
      "         [ 0.5384, -0.6605,  0.5233]],\n",
      "\n",
      "        [[-0.0415, -0.2663,  0.9630],\n",
      "         [-0.7492,  0.6459,  0.1464],\n",
      "         [-0.6610, -0.7154, -0.2263]],\n",
      "\n",
      "        [[ 0.2526,  0.8564, -0.4502],\n",
      "         [ 0.6384, -0.4972, -0.5876],\n",
      "         [-0.7270, -0.1390, -0.6724]],\n",
      "\n",
      "        [[-0.0670, -0.0741, -0.9950],\n",
      "         [ 0.9168, -0.3981, -0.0320],\n",
      "         [-0.3937, -0.9143,  0.0946]],\n",
      "\n",
      "        [[-0.9363,  0.0520, -0.3474],\n",
      "         [-0.1500, -0.9535,  0.2614],\n",
      "         [-0.3177,  0.2968,  0.9005]],\n",
      "\n",
      "        [[-0.7760, -0.1491,  0.6129],\n",
      "         [ 0.2950, -0.9446,  0.1437],\n",
      "         [ 0.5575,  0.2923,  0.7770]],\n",
      "\n",
      "        [[-0.5238, -0.2824,  0.8037],\n",
      "         [ 0.7873, -0.5207,  0.3302],\n",
      "         [ 0.3252,  0.8057,  0.4950]],\n",
      "\n",
      "        [[-0.5412,  0.5870, -0.6021],\n",
      "         [-0.6127,  0.2152,  0.7605],\n",
      "         [ 0.5760,  0.7805,  0.2432]],\n",
      "\n",
      "        [[-0.6617,  0.6127, -0.4322],\n",
      "         [ 0.0647, -0.5276, -0.8470],\n",
      "         [-0.7470, -0.5884,  0.3094]]], grad_fn=<SvdHelperBackward>)\n",
      "tensor([[55.5255, 10.6693,  2.6551],\n",
      "        [23.0944,  8.4661,  1.6899],\n",
      "        [23.7706,  5.9773,  0.7759],\n",
      "        [50.0605,  8.3472,  1.0183],\n",
      "        [44.7664,  9.1924,  0.2862],\n",
      "        [41.5187,  6.7646,  0.4768],\n",
      "        [51.7994, 17.7173,  0.0586],\n",
      "        [38.3774, 14.8131,  1.3058],\n",
      "        [38.6691,  6.3733,  0.7191],\n",
      "        [20.8419, 12.9148,  4.0016]], grad_fn=<SvdHelperBackward>)\n",
      "tensor([[[-0.3514, -0.8598,  0.3704],\n",
      "         [-0.6038, -0.0943, -0.7916],\n",
      "         [ 0.7155, -0.5018, -0.4860]],\n",
      "\n",
      "        [[ 0.0457, -0.5259, -0.8493],\n",
      "         [ 0.5919, -0.6707,  0.4471],\n",
      "         [ 0.8047,  0.5231, -0.2806]],\n",
      "\n",
      "        [[ 0.4915,  0.3953,  0.7760],\n",
      "         [-0.0326, -0.8820,  0.4700],\n",
      "         [-0.8703,  0.2563,  0.4206]],\n",
      "\n",
      "        [[-0.0040, -0.8852,  0.4651],\n",
      "         [ 0.4686,  0.4092,  0.7829],\n",
      "         [-0.8834,  0.2211,  0.4132]],\n",
      "\n",
      "        [[-0.3000, -0.2565, -0.9188],\n",
      "         [ 0.2686, -0.9469,  0.1767],\n",
      "         [-0.9153, -0.1937,  0.3530]],\n",
      "\n",
      "        [[-0.1863,  0.2582,  0.9480],\n",
      "         [-0.4250, -0.8911,  0.1592],\n",
      "         [ 0.8858, -0.3732,  0.2757]],\n",
      "\n",
      "        [[ 0.1299,  0.7646, -0.6312],\n",
      "         [-0.5746, -0.4607, -0.6764],\n",
      "         [-0.8080,  0.4506,  0.3795]],\n",
      "\n",
      "        [[-0.5354, -0.7685,  0.3503],\n",
      "         [-0.4488, -0.0925, -0.8888],\n",
      "         [ 0.7155, -0.6331, -0.2954]],\n",
      "\n",
      "        [[ 0.5379,  0.1910,  0.8211],\n",
      "         [-0.1083, -0.9503,  0.2920],\n",
      "         [ 0.8360, -0.2460, -0.4904]],\n",
      "\n",
      "        [[ 0.5123, -0.0538,  0.8571],\n",
      "         [-0.4435,  0.8381,  0.3177],\n",
      "         [-0.7355, -0.5428,  0.4055]]], grad_fn=<TransposeBackward0>)\n",
      "tensor([[[ 0.1688,  0.8691,  0.4650],\n",
      "         [-0.8990,  0.3291, -0.2888],\n",
      "         [-0.4041, -0.3693,  0.8369]],\n",
      "\n",
      "        [[-0.0792,  0.5851,  0.8071],\n",
      "         [ 0.6536, -0.5808,  0.4852],\n",
      "         [ 0.7526,  0.5660, -0.3364]],\n",
      "\n",
      "        [[-0.5450, -0.3389,  0.7669],\n",
      "         [-0.0433, -0.9021, -0.4294],\n",
      "         [ 0.8373, -0.2672,  0.4769]],\n",
      "\n",
      "        [[-0.4983, -0.6474, -0.5767],\n",
      "         [ 0.8648, -0.4181, -0.2780],\n",
      "         [-0.0612, -0.6373,  0.7682]],\n",
      "\n",
      "        [[-0.5280, -0.0357, -0.8485],\n",
      "         [ 0.4563, -0.8546, -0.2480],\n",
      "         [-0.7162, -0.5181,  0.4675]],\n",
      "\n",
      "        [[-0.8384, -0.4717, -0.2731],\n",
      "         [ 0.3838, -0.8666,  0.3188],\n",
      "         [-0.3871,  0.1625,  0.9076]],\n",
      "\n",
      "        [[-0.6768, -0.0744, -0.7324],\n",
      "         [-0.5887, -0.5426,  0.5992],\n",
      "         [-0.4419,  0.8367,  0.3234]],\n",
      "\n",
      "        [[-0.7312, -0.5988, -0.3268],\n",
      "         [ 0.6754, -0.7026, -0.2240],\n",
      "         [-0.0954, -0.3845,  0.9182]],\n",
      "\n",
      "        [[-0.2874,  0.6154,  0.7339],\n",
      "         [ 0.8143, -0.2464,  0.5255],\n",
      "         [ 0.5042,  0.7487, -0.4303]],\n",
      "\n",
      "        [[-0.3874,  0.5483, -0.7411],\n",
      "         [-0.7018,  0.3459,  0.6228],\n",
      "         [ 0.5978,  0.7614,  0.2508]]], grad_fn=<SvdHelperBackward>)\n",
      "tensor([[31.9433, 10.4441,  3.6577],\n",
      "        [28.8599, 22.0026,  1.4770],\n",
      "        [41.4989,  5.6878,  2.4633],\n",
      "        [46.4585, 11.3138,  2.0891],\n",
      "        [23.2524,  9.7648,  2.3190],\n",
      "        [37.1114,  9.4621,  4.6831],\n",
      "        [32.2881, 27.2701,  0.6988],\n",
      "        [29.4151,  1.4538,  0.4666],\n",
      "        [31.6108,  6.4868,  0.8718],\n",
      "        [21.5166,  7.5816,  2.0887]], grad_fn=<SvdHelperBackward>)\n",
      "tensor([[[-0.2056,  0.3382,  0.9183],\n",
      "         [ 0.9680,  0.2085,  0.1399],\n",
      "         [-0.1442,  0.9177, -0.3702]],\n",
      "\n",
      "        [[ 0.1193, -0.3025,  0.9456],\n",
      "         [-0.4399, -0.8700, -0.2228],\n",
      "         [ 0.8901, -0.3894, -0.2369]],\n",
      "\n",
      "        [[ 0.0123,  0.3715, -0.9283],\n",
      "         [-0.9988,  0.0480,  0.0060],\n",
      "         [-0.0467, -0.9272, -0.3717]],\n",
      "\n",
      "        [[-0.1701,  0.7896,  0.5896],\n",
      "         [ 0.1001, -0.5814,  0.8074],\n",
      "         [-0.9803, -0.1964, -0.0198]],\n",
      "\n",
      "        [[-0.2818, -0.9535, -0.1069],\n",
      "         [-0.9484,  0.2600,  0.1817],\n",
      "         [ 0.1455, -0.1525,  0.9775]],\n",
      "\n",
      "        [[ 0.2016, -0.5906,  0.7814],\n",
      "         [-0.4118,  0.6727,  0.6147],\n",
      "         [ 0.8887,  0.4457,  0.1076]],\n",
      "\n",
      "        [[ 0.5707,  0.3929,  0.7210],\n",
      "         [-0.1619, -0.8070,  0.5680],\n",
      "         [-0.8050,  0.4409,  0.3970]],\n",
      "\n",
      "        [[ 0.1283, -0.7663,  0.6295],\n",
      "         [ 0.3364, -0.5635, -0.7545],\n",
      "         [ 0.9329,  0.3086,  0.1855]],\n",
      "\n",
      "        [[-0.2538,  0.9545, -0.1565],\n",
      "         [-0.0589,  0.1462,  0.9875],\n",
      "         [ 0.9655,  0.2598,  0.0192]],\n",
      "\n",
      "        [[-0.1533,  0.0409, -0.9873],\n",
      "         [ 0.5331, -0.8379, -0.1175],\n",
      "         [ 0.8321,  0.5443, -0.1066]]], grad_fn=<TransposeBackward0>)\n",
      "tensor([[[-0.0404,  0.9519, -0.3037],\n",
      "         [-0.5108, -0.2810, -0.8125],\n",
      "         [-0.8587,  0.1223,  0.4976]],\n",
      "\n",
      "        [[-0.6952, -0.7180, -0.0337],\n",
      "         [ 0.0209,  0.0266, -0.9994],\n",
      "         [ 0.7185, -0.6955, -0.0035]],\n",
      "\n",
      "        [[ 0.1263, -0.7977, -0.5897],\n",
      "         [-0.0161, -0.5960,  0.8028],\n",
      "         [-0.9919, -0.0920, -0.0881]],\n",
      "\n",
      "        [[-0.4362,  0.1940,  0.8787],\n",
      "         [-0.4686, -0.8826, -0.0378],\n",
      "         [ 0.7682, -0.4282,  0.4759]],\n",
      "\n",
      "        [[-0.2698,  0.4414, -0.8558],\n",
      "         [-0.9083, -0.4118,  0.0739],\n",
      "         [-0.3198,  0.7972,  0.5120]],\n",
      "\n",
      "        [[-0.9125, -0.3619, -0.1906],\n",
      "         [ 0.3178, -0.3338, -0.8875],\n",
      "         [ 0.2576, -0.8704,  0.4196]],\n",
      "\n",
      "        [[-0.6772, -0.4368,  0.5922],\n",
      "         [ 0.7195, -0.2247,  0.6571],\n",
      "         [-0.1540,  0.8711,  0.4664]],\n",
      "\n",
      "        [[-0.4642, -0.8838,  0.0588],\n",
      "         [ 0.8714, -0.4676, -0.1487],\n",
      "         [ 0.1589, -0.0178,  0.9871]],\n",
      "\n",
      "        [[-0.1256,  0.5793, -0.8054],\n",
      "         [-0.7599,  0.4657,  0.4535],\n",
      "         [ 0.6378,  0.6690,  0.3817]],\n",
      "\n",
      "        [[-0.6881, -0.4214,  0.5907],\n",
      "         [ 0.4624, -0.8820, -0.0906],\n",
      "         [ 0.5592,  0.2108,  0.8018]]], grad_fn=<SvdHelperBackward>)\n",
      "tensor([[35.6458, 18.1867, 13.1164],\n",
      "        [45.9731, 11.0670,  1.5077],\n",
      "        [21.8529, 13.8292,  2.1038],\n",
      "        [28.8753,  6.0233,  4.3387],\n",
      "        [31.7301,  9.3830,  0.4572],\n",
      "        [48.5765,  3.8963,  1.9284],\n",
      "        [25.1680, 18.1859,  1.7400],\n",
      "        [55.5630,  2.3951,  0.1668],\n",
      "        [28.6030,  8.9340,  3.7615],\n",
      "        [35.7746,  3.6794,  0.3517]], grad_fn=<SvdHelperBackward>)\n",
      "tensor([[[-0.0527, -0.1284,  0.9903],\n",
      "         [ 0.7340,  0.6675,  0.1256],\n",
      "         [ 0.6772, -0.7335, -0.0591]],\n",
      "\n",
      "        [[ 0.1233, -0.6830,  0.7200],\n",
      "         [ 0.2990, -0.6663, -0.6832],\n",
      "         [ 0.9463,  0.2994,  0.1220]],\n",
      "\n",
      "        [[-0.1923, -0.7832,  0.5912],\n",
      "         [-0.7683, -0.2546, -0.5872],\n",
      "         [ 0.6105, -0.5672, -0.5528]],\n",
      "\n",
      "        [[ 0.4376, -0.3008,  0.8474],\n",
      "         [ 0.7943,  0.5710, -0.2075],\n",
      "         [ 0.4214, -0.7639, -0.4888]],\n",
      "\n",
      "        [[ 0.9088,  0.3997, -0.1197],\n",
      "         [-0.1404,  0.0228, -0.9898],\n",
      "         [ 0.3929, -0.9163, -0.0768]],\n",
      "\n",
      "        [[ 0.1664, -0.8031,  0.5721],\n",
      "         [-0.4124, -0.5837, -0.6994],\n",
      "         [-0.8957,  0.1196,  0.4283]],\n",
      "\n",
      "        [[ 0.2335,  0.6521, -0.7213],\n",
      "         [ 0.7882,  0.3074,  0.5332],\n",
      "         [ 0.5694, -0.6930, -0.4422]],\n",
      "\n",
      "        [[-0.3355,  0.5744, -0.7467],\n",
      "         [-0.0528, -0.8028, -0.5939],\n",
      "         [ 0.9406,  0.1598, -0.2997]],\n",
      "\n",
      "        [[-0.1268, -0.9410,  0.3139],\n",
      "         [ 0.5275,  0.2040,  0.8247],\n",
      "         [ 0.8400, -0.2702, -0.4705]],\n",
      "\n",
      "        [[-0.0365, -0.9038, -0.4263],\n",
      "         [ 0.1151, -0.4276,  0.8966],\n",
      "         [ 0.9927,  0.0163, -0.1196]]], grad_fn=<TransposeBackward0>)\n",
      "tensor([[[-0.5787,  0.5812, -0.5721],\n",
      "         [-0.6480,  0.0981,  0.7553],\n",
      "         [ 0.4951,  0.8078,  0.3198]],\n",
      "\n",
      "        [[-0.9239, -0.2249,  0.3096],\n",
      "         [-0.3814,  0.4762, -0.7923],\n",
